local F=(function()
	local function d(a,b)
		local s=""
		for i=1,#a do
			s=s..string.char((a[i]-b)%256)
		end
		return s
	end

	local k={
		{181,214,214,218,214,214,230,231,230,203,223,229,229,206,222,227,227,236,240,233,234,231,246,250,246,246,248},
		{170,216,217,225,225,218,215,227,223,244,244,224,234,232,240,241,236,233,226,237,235,248,251,255,250,244,243,236,252,238,242,244,239,242},
		{181,214,214,218,214,214,230,231,230,203,223,229,229,206,222,227,227,236},
		{181,214,214,218,214,214,230,231,230,203,223,229,229,206,222,227,227,236,221,236,227,219,239,231,233,232,223,223},
		{181,214,214,218,214,214,230,231,230,203,223,229,229,206,222,227},
		{184,233,246,245,232,237,230,241,227,238,245,237,234,237,245,246,229,236,235,236,237}
	}

	local o={}
	for i=1,6 do
		o[i]=d(k[i],150+i)
	end
	return o
end)()
